75
66
84
80
72
76
70
69
72
78
76
74
86
78
77
125
76
73
83
71
82
104
74
87
78
66
72
102
72
121
75
79
83
77
71
111
81
75
67
78
80
71
78
73
139
76
83
84
78
109
68
84
70
81
73
76
69
80
105
72
71
84
73
80
77
56
94
73
78
82
73
102
79
73
71
74
72
87
95
84
108
72
105
81
79
89
76
120
107
137
70
70
73
73
80
73
117
103
80
65
81
73
142
76
95
87
134
79
92
72
89
84
126
63
78
68
77
69
77
71
139
82
122
70
81
79
91
69
70
76
80
69
73
105
68
75
83
88
101
82
80
96
88
75
77
78
71
71
93
81
73
76
94
105
60
72
80
78
92
85
79
72
79
78
68
74
74
68
78
79
105
101
76
74
89
75
90
78
85
70
77
70
95
69
78
81
71
79
71
72
77
77
81
79
97
81
76
111
126
79
87
76
78
71
79
70
80
78
106
74
77
68
70
83
79
98
77
83
86
113
93
110
75
71
98
93
70
77
79
80
73
89
74
79
73
79
82
134
71
96
81
71
78
79
81
82
66
81
67
92
106
120
70
71
73
69
84
80
102
73
76
68
71
104
72
76
148
105
75
94
73
64
71
118
72
78
71
89
126
104
72
95
80
76
88
105
78
77
80
143
80
75
74
72
86
75
62
72
73
80
74
108
73
74
79
72
101
107
79
95
123
91
82
75
79
107
74
85
107
139
50
138
98
84
145
73
78
73
78
73
107
76
80
106
77
72
81
76
78
73
80
100
71
79
77
65
97
77
70
109
107
77
57
80
76
77
69
81
69
82
89
76
141
72
81
90
83
66
116
92
89
82
104
107
85
72
68
86
72
78
106
72
98
75
77
78
77
97
141
72
85
125
66
88
55
72
97
77
82
80
72
82
126
75
78
68
125
77
81
69
82
99
78
78
73
68
78
71
75
85
73
72
73
84
81
85
76
102
85
80
76
77
64
72
69
82
87
80
70
72
71
92
71
78
80
71
76
73
78
93
83
62
79
70
77
72
74
105
73
80
80
74
74
93
70
68
98
116
67
137
73
76
78
128
70
80
72
71
73
70
62
82
77
69
69
73
85
109
75
75
79
80
65
75
71
74
87
71
71
75
